200724 1118    14.095600  R   0
200724 1120    14.095600  R   0
200724 1122    14.095600  R   0
200724 1124    14.095600  R   0
200724 1126    14.095600  R   0
200724 1128    14.095600  R   0
200724 1130    14.095600  R   0
200724 1132    14.095600  R   0
200724 1134    14.095600  R   0
200724 1136    14.095600  R   0
200724 1138    14.095600  R   0
200724 1140    14.095600  R   0
200724 1142    14.095600  R   0
200724 1144    14.095600  R   0
200724 1146    14.095600  R   0
200724 1148    14.095600  R   0
200724 1150    14.095600  R   0
200724 1152    14.095600  R   0
200724 1154    14.095600  R   0
200724 1156    14.095600  R   0
200724 1158    14.095600  R   0
200724 1200    14.095600  R   0
